1667847219733 -0.7431683384971141 0
1667847219807 -0.742863713851331 1
1667847219894 -0.7394148592871839 2
1667847219960 -0.8359985754985756 3
1667847220023 -0.8359985754985756 4
1667847220112 -0.8359985754985756 5
1667847220198 -0.8359985754985756 6
1667847220294 -0.8359985754985756 7
1667847220349 -0.8359985754985756 8
1667847220450 -0.4004669537165326 9
1667847220548 -0.48422726398700566 10
1667847220640 -0.2920808921278787 11
1667847220736 -0.29207690364083383 12
1667847220836 -0.2943533957515182 13
1667847220931 -0.29289599236929026 14
1667847221024 -0.299225430004026 15
1667847221117 -0.32053107079409027 16
1667847221212 -0.3157945092671997 17
1667847221307 -0.34777300147311596 18
1667847221401 -0.34901886224622636 19
1667847221494 -0.3541811505483902 20
1667847221610 -0.3536610578203623 21
1667847221704 -0.3590624720681434 22
1667847221793 -0.3600807788629914 23
1667847221876 -0.382178192900661 24
