1667847219733 0.03486129710329325 0
1667847219807 0.0348137143243244 1
1667847219894 0.03427792783329119 2
1667847219960 0.029590306780896015 3
1667847220023 0.02959030678089594 4
1667847220112 0.02959030678089594 5
1667847220198 0.029590306780895918 6
1667847220294 0.029590306780895918 7
1667847220349 0.029590306780895918 8
1667847220450 0.026242096089841547 9
1667847220548 0.03685390475554364 10
1667847220640 0.02311671074933854 11
1667847220736 0.023110952164026505 12
1667847220836 0.023364431400428497 13
1667847220931 0.023259897208971696 14
1667847221024 0.024464269468881254 15
1667847221117 0.021504047754571265 16
1667847221212 0.022411176231308807 17
1667847221307 0.023366308121444163 18
1667847221401 0.02347716079699194 19
1667847221494 0.023820137162489072 20
1667847221610 0.023661140364659727 21
1667847221704 0.022868822483229394 22
1667847221793 0.022665989879121825 23
1667847221876 0.019525028512769396 24
