1667847452514 -0.7431683384971141 0
1667847452594 -0.742863713851331 1
1667847452668 -0.7394148592871839 2
1667847452748 -0.8359985754985756 3
1667847452840 -0.8359985754985756 4
1667847452932 -0.8359985754985756 5
1667847453032 -0.8359985754985756 6
1667847453130 -0.8359985754985756 7
1667847453230 -0.8359985754985756 8
1667847453382 -0.835998575498575 9
1667847453489 -0.835998575498575 10
1667847453600 -0.4004669537165326 11
1667847453700 -0.48422726398700566 12
1667847453807 -0.292215151113633 13
1667847453922 -0.2920808921278787 14
1667847454022 -0.292088671726987 15
1667847454117 -0.29207690364083383 16
1667847454199 -0.2943533957515182 17
1667847454283 -0.29289599236929026 18
1667847454367 -0.299225430004026 19
1667847454446 -0.32053107079409027 20
1667847454535 -0.3157945092671997 21
1667847454612 -0.4456190021345809 22
1667847454693 -0.33439381046188976 23
1667847454771 -0.4152519663472642 24
1667847454905 -0.34588478275647094 25
1667847454989 -0.34777300147311596 26
1667847455069 -0.34901886224622636 27
1667847455150 -0.3541811505483902 28
1667847455234 -0.3536610578203623 29
1667847455317 -0.3556367694880761 30
1667847455392 -0.3590624720681434 31
1667847455473 -0.3600807788629914 32
1667847455574 -0.35942058609742256 33
1667847455682 -0.3596410600621236 34
1667847455778 -0.38922882973778655 35
1667847455892 -0.3879728750354451 36
1667847455985 -0.382178192900661 37
1667847456076 -0.3777314475326761 38
1667847456168 -0.3785211819657819 39
1667847456277 -0.37861071858251316 40
1667847456367 -0.3729727340633556 41
1667847456482 -0.3733914389969567 42
1667847456592 -0.3735128066580794 43
1667847456714 -0.373559573534757 44
1667847456834 -0.3738197946538461 45
1667847456939 -0.37387834093983013 46
1667847457036 -0.3678726689238508 47
1667847457165 -0.37455285682070766 48
1667847457302 -0.3815137619338679 49
