1667847452514 42 0
1667847452594 41 1
1667847452668 40 2
1667847452748 45 3
1667847452840 45 4
1667847452932 45 5
1667847453032 45 6
1667847453130 45 7
1667847453230 45 8
1667847453382 43 9
1667847453489 43 10
1667847453600 36 11
1667847453700 39 12
1667847453807 4 13
1667847453922 2 14
1667847454022 3 15
1667847454117 1 16
1667847454199 6 17
1667847454283 5 18
1667847454367 7 19
1667847454446 9 20
1667847454535 8 21
1667847454612 38 22
1667847454693 10 23
1667847454771 37 24
1667847454905 11 25
1667847454989 12 26
1667847455069 13 27
1667847455150 15 28
1667847455234 14 29
1667847455317 16 30
1667847455392 17 31
1667847455473 20 32
1667847455574 18 33
1667847455682 19 34
1667847455778 35 35
1667847455892 34 36
1667847455985 33 37
1667847456076 29 38
1667847456168 30 39
1667847456277 31 40
1667847456367 22 41
1667847456482 23 42
1667847456592 24 43
1667847456714 25 44
1667847456834 26 45
1667847456939 27 46
1667847457036 21 47
1667847457165 28 48
1667847457302 32 49
