1667847452514 0.03486129710329325 0
1667847452594 0.0348137143243244 1
1667847452668 0.03427792783329119 2
1667847452748 0.029590306780896015 3
1667847452840 0.02959030678089594 4
1667847452932 0.02959030678089594 5
1667847453032 0.029590306780895918 6
1667847453130 0.029590306780895918 7
1667847453230 0.029590306780895918 8
1667847453382 0.029590306780895893 9
1667847453489 0.029590306780895893 10
1667847453600 0.026242096089841547 11
1667847453700 0.03685390475554364 12
1667847453807 0.023089263216468238 13
1667847453922 0.02311671074933854 14
1667847454022 0.023121123891810817 15
1667847454117 0.023110952164026505 16
1667847454199 0.023364431400428497 17
1667847454283 0.023259897208971696 18
1667847454367 0.024464269468881254 19
1667847454446 0.021504047754571265 20
1667847454535 0.022411176231308807 21
1667847454612 0.027692282861455097 22
1667847454693 0.021350465051064086 23
1667847454771 0.02376185710684497 24
1667847454905 0.023204821816865177 25
1667847454989 0.023366308121444163 26
1667847455069 0.02347716079699194 27
1667847455150 0.023820137162489072 28
1667847455234 0.023661140364659727 29
1667847455317 0.02342247964111659 30
1667847455392 0.022868822483229394 31
1667847455473 0.022665989879121825 32
1667847455574 0.022534122431830252 33
1667847455682 0.022419414831014027 34
1667847455778 0.022241905449808978 35
1667847455892 0.021132806711280636 36
1667847455985 0.019525028512769396 37
1667847456076 0.019967024591051038 38
1667847456168 0.019703298577261195 39
1667847456277 0.019693730742932753 40
1667847456367 0.02144391227576896 41
1667847456482 0.021242730462357196 42
1667847456592 0.020819814343288466 43
1667847456714 0.021242456876946158 44
1667847456834 0.021161166691111268 45
1667847456939 0.021147389603315556 46
1667847457036 0.02259860844321739 47
1667847457165 0.020633561582614604 48
1667847457302 0.0176142486307602 49
