1667919860952 -0.9203448275862068 0
1667919861030 -0.9203448275862068 1
1667919861119 -0.9203448275862068 2
1667919861203 -0.9203448275862068 3
1667919861281 -0.9203448275862068 4
1667919861362 -0.9203448275862068 5
1667919861446 -0.8239941590408233 6
1667919861528 -0.80539097970071 7
1667919861611 -0.7633340133901415 8
1667919861689 -0.7521196606623632 9
1667919861772 -0.5649311257043316 10
1667919861876 -0.6245586328837376 11
1667919861998 -0.5495264683191394 12
1667919862094 -0.5079849824243322 13
1667919862262 -0.4976484621304612 14
1667919862355 -0.5667065363136353 15
1667919862449 -0.5027033344195145 16
1667919862543 -0.4537404463167252 17
1667919862639 -0.5024626880114397 18
1667919862739 -0.42469019222497983 19
1667919862841 -0.3800304122922272 20
1667919862934 -0.3700862564099606 21
1667919863022 -0.3702781446051391 22
1667919863106 -0.3704022798853941 23
1667919863189 -0.37045946287045356 24
1667919863300 -0.37241672434919465 25
1667919863394 -0.3715326080313933 26
1667919863488 -0.37195141892195943 27
1667919863582 -0.394570072372702 28
1667919863665 -0.3825248147049849 29
1667919863748 -0.36311338606873905 30
1667919863836 -0.3608567093725885 31
1667919863917 -0.36540397782070644 32
1667919864004 -0.3591629741659989 33
1667919864105 -0.35899322675175704 34
1667919864198 -0.358655813711018 35
1667919864488 -0.35869900727086507 36
1667919864598 -0.35773043002293703 37
1667919864697 -0.3581187998500374 38
1667919864797 -0.35854400041359347 39
