1667919860952 35 0
1667919861030 35 1
1667919861119 35 2
1667919861203 35 3
1667919861281 35 4
1667919861362 35 5
1667919861446 34 6
1667919861528 33 7
1667919861611 32 8
1667919861689 31 9
1667919861772 28 10
1667919861876 30 11
1667919861998 27 12
1667919862094 26 13
1667919862262 23 14
1667919862355 29 15
1667919862449 25 16
1667919862543 22 17
1667919862639 24 18
1667919862739 21 19
1667919862841 18 20
1667919862934 11 21
1667919863022 12 22
1667919863106 13 23
1667919863189 14 24
1667919863300 17 25
1667919863394 15 26
1667919863488 16 27
1667919863582 20 28
1667919863665 19 29
1667919863748 9 30
1667919863836 8 31
1667919863917 10 32
1667919864004 7 33
1667919864105 6 34
1667919864198 4 35
1667919864488 5 36
1667919864598 1 37
1667919864697 2 38
1667919864797 3 39
