1667919860952 0.030217730119415847 0
1667919861030 0.030217730119415847 1
1667919861119 0.030217730119415847 2
1667919861203 0.030217730119415847 3
1667919861281 0.030217730119415847 4
1667919861362 0.030217730119415847 5
1667919861446 0.028086920536408808 6
1667919861528 0.02721153248860399 7
1667919861611 0.018594883677422933 8
1667919861689 0.018481952955586443 9
1667919861772 0.19852375766591557 10
1667919861876 0.011361918562624126 11
1667919861998 0.19510239986284084 12
1667919862094 0.1358044004873163 13
1667919862262 0.13089337399415985 14
1667919862355 0.20363075232281586 15
1667919862449 0.1589199004703183 16
1667919862543 0.08521802638548744 17
1667919862639 0.016736453311626657 18
1667919862739 0.054849624493476835 19
1667919862841 0.028471536554803636 20
1667919862934 0.013685961444099408 21
1667919863022 0.013710185550657353 22
1667919863106 0.013720849182326916 23
1667919863189 0.013739009596949722 24
1667919863300 0.013945120125588777 25
1667919863394 0.013875241330244913 26
1667919863488 0.013930869651844407 27
1667919863582 0.014910906859120457 28
1667919863665 0.013901277727652924 29
1667919863748 0.014740859134607183 30
1667919863836 0.014795278711403757 31
1667919863917 0.014754400055969837 32
1667919864004 0.01444072378119428 33
1667919864105 0.014378260548583603 34
1667919864198 0.014313690574368406 35
1667919864488 0.014374970259439492 36
1667919864598 0.014184799065443517 37
1667919864697 0.014350511668230925 38
1667919864797 0.014365847163959233 39
