1667908077896 -1.563225806451613 0
1667908077978 -1.563225806451613 1
1667908078090 -1.563225806451613 2
1667908078188 -1.563225806451613 3
1667908078284 -1.5475869913165865 4
1667908078369 -1.4779565569892474 5
1667908078453 -1.334962125774003 6
1667908078540 -1.0505475060008278 7
1667908078625 -0.6748369963727302 8
1667908078718 -0.5803454980756968 9
1667908078820 -0.6103219707949379 10
1667908078911 -0.441920788697223 11
1667908079006 -0.36015750702329896 12
1667908079105 -0.44326363441019695 13
1667908079197 -0.3684067107414986 14
1667908079290 -0.3664122639225199 15
1667908079380 -0.36968957973047195 16
1667908079468 -0.35293683123860975 17
1667908079561 -0.3426640686712353 18
1667908079649 -0.3241303325999612 19
1667908079734 -0.29438941804571256 20
1667908079815 -0.297563346656893 21
1667908079897 -0.42327498195245644 22
1667908079989 -0.29889725618066804 23
1667908080068 -0.2642255869983779 24
1667908080146 -0.2856676488278351 25
1667908080217 -0.2639267561324306 26
1667908080294 -0.22686459142644474 27
1667908080372 -0.22493812755373246 28
1667908080451 -0.22551978081728188 29
1667908080538 -0.22942570587198632 30
1667908080632 -0.22278370924325644 31
1667908080747 -0.22439564897718353 32
1667908080878 -0.20723929753388895 33
1667908081156 -0.21573828163364633 34
1667908081252 -0.21096046932883106 35
1667908081309 -0.21469312073005647 36
1667908081369 -0.21513640409460755 37
1667908081478 -0.20034610605401426 38
1667908081558 -0.21188797970879034 39
