1667908077896 37 0
1667908077978 37 1
1667908078090 37 2
1667908078188 37 3
1667908078284 36 4
1667908078369 35 5
1667908078453 34 6
1667908078540 33 7
1667908078625 32 8
1667908078718 30 9
1667908078820 31 10
1667908078911 28 11
1667908079006 23 12
1667908079105 29 13
1667908079197 25 14
1667908079290 24 15
1667908079380 26 16
1667908079468 22 17
1667908079561 21 18
1667908079649 20 19
1667908079734 17 20
1667908079815 18 21
1667908079897 27 22
1667908079989 19 23
1667908080068 15 24
1667908080146 16 25
1667908080217 14 26
1667908080294 12 27
1667908080372 10 28
1667908080451 11 29
1667908080538 13 30
1667908080632 8 31
1667908080747 9 32
1667908080878 2 33
1667908081156 7 34
1667908081252 3 35
1667908081309 5 36
1667908081369 6 37
1667908081478 1 38
1667908081558 4 39
