1667908077896 0.03638103676119154 0
1667908077978 0.03638103676119154 1
1667908078090 0.03638103676119154 2
1667908078188 0.03638103676119154 3
1667908078284 0.03510290055544814 4
1667908078369 0.03636353981834213 5
1667908078453 0.031064795915727455 6
1667908078540 0.02087843211026183 7
1667908078625 0.019932721720904396 8
1667908078718 0.024740633415267922 9
1667908078820 0.031037486587256125 10
1667908078911 0.3612268032401516 11
1667908079006 0.0690438406007286 12
1667908079105 0.3772208985378581 13
1667908079197 0.17557641229842752 14
1667908079290 0.24317812938653546 15
1667908079380 0.23846287153015536 16
1667908079468 0.2142350481111509 17
1667908079561 0.18797281850197142 18
1667908079649 0.18249952635680222 19
1667908079734 0.12780082223882433 20
1667908079815 0.138519845132645 21
1667908079897 0.3224365716790093 22
1667908079989 0.1589741415794728 23
1667908080068 0.06748208819276996 24
1667908080146 0.011645510175027154 25
1667908080217 0.011543970830568495 26
1667908080294 0.01519789201718576 27
1667908080372 0.01302270369547943 28
1667908080451 0.01375763722330353 29
1667908080538 0.012443092001375848 30
1667908080632 0.03644463569892178 31
1667908080747 0.034910055665802055 32
1667908080878 0.020067152393587983 33
1667908081156 0.026849912843868586 34
1667908081252 0.022724253788828308 35
1667908081309 0.02442033282470622 36
1667908081369 0.02490053725875565 37
1667908081478 0.01248295125829354 38
1667908081558 0.02147369694590884 39
