1667844560298 -1.32827380952381 0
1667844560497 -1.32827380952381 1
1667844560594 -1.32827380952381 2
1667844560693 -1.3282738095238087 3
1667844560800 -1.328273809523809 4
1667844560907 -1.0703103930127649 5
1667844561054 -0.6498267119353933 6
1667844561176 -0.6498554802379405 7
1667844561270 -0.6511616417989419 8
1667844561357 -0.5809543707635395 9
1667844561443 -0.29970203992416894 10
1667844561542 -0.4018855069269807 11
1667844561625 -0.2641165577063681 12
1667844561709 -0.21181886572537909 13
1667844561801 -0.21106359206332953 14
1667844561885 -0.22307859006792868 15
1667844561996 -0.1884550801427587 16
1667844562080 -0.18668121367086873 17
1667844562168 -0.17702918650467442 18
1667844562256 -0.17688728731308373 19
1667844562346 -0.19444471988091064 20
1667844562439 -0.17663557975473285 21
1667844562659 -0.176629120478424 22
1667844562763 -0.17662757569388046 23
1667844562898 -0.17660460464575173 24
1667844563010 -0.17667487408653612 25
1667844563124 -0.17660431406604882 26
1667844563239 -0.17660587561973415 27
1667844563341 -0.1769941088984541 28
1667844563445 -0.177179522105053 29
1667844563557 -0.1771392902105125 30
1667844563655 -0.1766143227925544 31
1667844563751 -0.17661686874342425 32
1667844563904 -0.1766191327785305 33
1667844564077 -0.1766014261768049 34
1667844564185 -0.17661702963579468 35
1667844564444 -0.1766099714230521 36
1667844564554 -0.17661918420103553 37
1667844564661 -0.1786109797199038 38
1667844564762 -0.17679275459323351 39
1667844564867 -0.1783684070898211 40
1667844564961 -0.19210345215763297 41
1667844565060 -0.1817434671903934 42
1667844565152 -0.19167622790469857 43
1667844565249 -0.2004027129678681 44
1667844565347 -0.18295475405343736 45
1667844565438 -0.19007777105846446 46
1667844565541 -0.1926677942879552 47
1667844565640 -0.19878554613204677 48
1667844565741 -0.20377090712074528 49
