1667844560298 48 0
1667844560497 48 1
1667844560594 48 2
1667844560693 46 3
1667844560800 47 4
1667844560907 45 5
1667844561054 42 6
1667844561176 43 7
1667844561270 44 8
1667844561357 41 9
1667844561443 39 10
1667844561542 40 11
1667844561625 38 12
1667844561709 36 13
1667844561801 35 14
1667844561885 37 15
1667844561996 26 16
1667844562080 25 17
1667844562168 18 18
1667844562256 16 19
1667844562346 31 20
1667844562439 13 21
1667844562659 12 22
1667844562763 11 23
1667844562898 3 24
1667844563010 14 25
1667844563124 2 26
1667844563239 4 27
1667844563341 17 28
1667844563445 20 29
1667844563557 19 30
1667844563655 6 31
1667844563751 7 32
1667844563904 9 33
1667844564077 1 34
1667844564185 8 35
1667844564444 5 36
1667844564554 10 37
1667844564661 22 38
1667844564762 15 39
1667844564867 21 40
1667844564961 29 41
1667844565060 23 42
1667844565152 28 43
1667844565249 33 44
1667844565347 24 45
1667844565438 27 46
1667844565541 30 47
1667844565640 32 48
1667844565741 34 49
