1667844560298 0.029975010850877296 0
1667844560497 0.029975010850877185 1
1667844560594 0.029975010850877233 2
1667844560693 0.029975010850877 3
1667844560800 0.02997501085087713 4
1667844560907 0.03481138536592586 5
1667844561054 0.041291699036163615 6
1667844561176 0.04126012447381486 7
1667844561270 0.041311435784405603 8
1667844561357 0.02928262480243069 9
1667844561443 0.025181792627936316 10
1667844561542 0.023538875146676748 11
1667844561625 0.02182374382012405 12
1667844561709 0.01899751549217853 13
1667844561801 0.018756792386260147 14
1667844561885 0.0167456761602563 15
1667844561996 0.01543023802217652 16
1667844562080 0.017686788384217993 17
1667844562168 0.018767008482234466 18
1667844562256 0.01866652827817798 19
1667844562346 0.01733196161359492 20
1667844562439 0.01847531346046764 21
1667844562659 0.01848447968371942 22
1667844562763 0.018480285576648582 23
1667844562898 0.01846514773438458 24
1667844563010 0.01846060351163344 25
1667844563124 0.0184928486692124 26
1667844563239 0.01848829756852879 27
1667844563341 0.01846098532281699 28
1667844563445 0.018459449401183797 29
1667844563557 0.018469065243710038 30
1667844563655 0.01849110526299004 31
1667844563751 0.01849291230352845 32
1667844563904 0.018488739953939154 33
1667844564077 0.018482954761214084 34
1667844564185 0.018487304282199506 35
1667844564444 0.0184786027355392 36
1667844564554 0.01847781929132055 37
1667844564661 0.01835810906605102 38
1667844564762 0.018464957090153604 39
1667844564867 0.01848762177086911 40
1667844564961 0.01569202684587756 41
1667844565060 0.018067716360133407 42
1667844565152 0.017743033301510888 43
1667844565249 0.017581999205060934 44
1667844565347 0.017862715373282795 45
1667844565438 0.017649923601920425 46
1667844565541 0.01797953619733321 47
1667844565640 0.01609104600997082 48
1667844565741 0.016538847026300624 49
