1667909239948 -1.563225806451613 0
1667909240021 -1.563225806451613 1
1667909240089 -1.563225806451613 2
1667909240164 -1.563225806451613 3
1667909240261 -1.5475869906945687 4
1667909240343 -1.4779565569892474 5
1667909240428 -1.2686154357393913 6
1667909240515 -1.0505697625014256 7
1667909240598 -0.6748261145973111 8
1667909240684 -0.6102846744112851 9
1667909240768 -0.3983182010000689 10
1667909240854 -0.4790610327322877 11
1667909240940 -0.3487912019504537 12
1667909241073 -0.3866793269670003 13
1667909241167 -0.36642787139189475 14
1667909241353 -0.3928917685124096 15
1667909241451 -0.3524416125548658 16
1667909241503 -0.3394282818346273 17
1667909241559 -0.3488140630787991 18
1667909241611 -0.3568432840769091 19
1667909241759 -0.3219122894814199 20
1667909241837 -0.3387572695267304 21
1667909241914 -0.29966396539484325 22
1667909242006 -0.32034867946166784 23
1667909242087 -0.26177358018564656 24
1667909242208 -0.2993598618467588 25
1667909242283 -0.3030928197511361 26
1667909242354 -0.3269769493067185 27
1667909242426 -0.26147770309116797 28
1667909242500 -0.2263162227326308 29
1667909242570 -0.22475794368489163 30
1667909242639 -0.2266269576251276 31
1667909242708 -0.22903427862898487 32
1667909242781 -0.23091141028829734 33
1667909242851 -0.23126932883588883 34
1667909242920 -0.23325702332006648 35
1667909242988 -0.2352313068623345 36
1667909243058 -0.2367533454997608 37
1667909243131 -0.23808931641821637 38
1667909243232 -0.23932321191175468 39
