1667909239948 37 0
1667909240021 37 1
1667909240089 37 2
1667909240164 37 3
1667909240261 36 4
1667909240343 35 5
1667909240428 34 6
1667909240515 33 7
1667909240598 32 8
1667909240684 31 9
1667909240768 29 10
1667909240854 30 11
1667909240940 22 12
1667909241073 27 13
1667909241167 26 14
1667909241353 28 15
1667909241451 24 16
1667909241503 21 17
1667909241559 23 18
1667909241611 25 19
1667909241759 18 20
1667909241837 20 21
1667909241914 15 22
1667909242006 17 23
1667909242087 13 24
1667909242208 14 25
1667909242283 16 26
1667909242354 19 27
1667909242426 12 28
1667909242500 2 29
1667909242570 1 30
1667909242639 3 31
1667909242708 4 32
1667909242781 5 33
1667909242851 6 34
1667909242920 7 35
1667909242988 8 36
1667909243058 9 37
1667909243131 10 38
1667909243232 11 39
