1667909239948 0.03638103676119154 0
1667909240021 0.03638103676119154 1
1667909240089 0.03638103676119154 2
1667909240164 0.03638103676119154 3
1667909240261 0.035102900012183656 4
1667909240343 0.03636353981834213 5
1667909240428 0.02903213998652368 6
1667909240515 0.02084825625352132 7
1667909240598 0.019933795395792906 8
1667909240684 0.031020175462790685 9
1667909240768 0.1592291051934511 10
1667909240854 0.017211953627569655 11
1667909240940 0.22861521631292525 12
1667909241073 0.24508087150766641 13
1667909241167 0.2759308439688255 14
1667909241353 0.2790533603891619 15
1667909241451 0.2090661422650497 16
1667909241503 0.18240819021217197 17
1667909241559 0.18286315568412131 18
1667909241611 0.2480210269090293 19
1667909241759 0.1938369465242391 20
1667909241837 0.23215437103520883 21
1667909241914 0.20228123916736035 22
1667909242006 0.12295412014276905 23
1667909242087 0.10900696457881871 24
1667909242208 0.10735299456712222 25
1667909242283 0.13484328532866857 26
1667909242354 0.21523481725385107 27
1667909242426 0.04448330172158693 28
1667909242500 0.01448553109705867 29
1667909242570 0.014382164389279242 30
1667909242639 0.012598477938695736 31
1667909242708 0.012620022427824458 32
1667909242781 0.02534065855263287 33
1667909242851 0.012501411057393873 34
1667909242920 0.012577865214952286 35
1667909242988 0.012587031687717715 36
1667909243058 0.012539492015264922 37
1667909243131 0.012435811767811786 38
1667909243232 0.012364169166153547 39
