1667846861891 -0.8380295566502463 0
1667846861961 -0.8380295566502463 1
1667846862033 -0.8380295566502463 2
1667846862094 -0.8380295566502463 3
1667846862180 -0.8380295566502463 4
1667846862249 -0.8380295566502463 5
1667846862314 -0.7708845592458561 6
1667846862376 -0.7340030844761496 7
1667846862439 -0.4115749694787819 8
1667846862530 -0.605036665029128 9
1667846862609 -0.3010796141458921 10
1667846862722 -0.30245867601373416 11
1667846862920 -0.30320399978804646 12
1667846863008 -0.48556422069734884 13
1667846863077 -0.4647127308480825 14
1667846863144 -0.4163701851036708 15
1667846863230 -0.34116978108593543 16
1667846863354 -0.3641867030170123 17
1667846863461 -0.36052337578820504 18
1667846863548 -0.3597020886359118 19
1667846863626 -0.3586110320534362 20
1667846863693 -0.39350306447788863 21
1667846863757 -0.37419232893767956 22
1667846863834 -0.3557820311942858 23
1667846863901 -0.378113808569203 24
