1667846861891 0.020488969219822795 0
1667846861961 0.020488969219822795 1
1667846862033 0.02048896921982276 2
1667846862094 0.02048896921982272 3
1667846862180 0.02048896921982272 4
1667846862249 0.02048896921982272 5
1667846862314 0.012316145160402348 6
1667846862376 0.016862187798835877 7
1667846862439 0.01574471556601084 8
1667846862530 0.013377458202429656 9
1667846862609 0.01485181736836475 10
1667846862722 0.015662681892763985 11
1667846862920 0.015674886254224103 12
1667846863008 0.02445383520251117 13
1667846863077 0.024839781985483277 14
1667846863144 0.017267932803340193 15
1667846863230 0.013278478439651747 16
1667846863354 0.014740976147991393 17
1667846863461 0.014899896405231993 18
1667846863548 0.01470368169932413 19
1667846863626 0.014361350965064504 20
1667846863693 0.013970076022620515 21
1667846863757 0.013883377329297845 22
1667846863834 0.014069919937073506 23
1667846863901 0.013662715345468368 24
