1667845153136 -1.32827380952381 0
1667845153240 -1.32827380952381 1
1667845153312 -1.32827380952381 2
1667845153385 -1.3282738095238087 3
1667845153456 -1.328273809523809 4
1667845153542 -1.0703103930127649 5
1667845153617 -0.6498267119353933 6
1667845153690 -0.6498554802379405 7
1667845153769 -0.6511616417989419 8
1667845153850 -0.5809543707635395 9
1667845153935 -0.29970203992416894 10
1667845154024 -0.4018855069269807 11
1667845154115 -0.2641165577063681 12
1667845154218 -0.17688728731308373 13
1667845154311 -0.17662757569388046 14
1667845154406 -0.17660431406604882 15
1667845154498 -0.17660587561973415 16
1667845154588 -0.1769941088984541 17
1667845154679 -0.177179522105053 18
1667845154770 -0.1771392902105125 19
1667845154861 -0.1766143227925544 20
1667845154953 -0.1766191327785305 21
1667845155045 -0.17661702963579468 22
1667845155136 -0.1926677942879552 23
1667845155243 -0.20377090712074528 24
