1667845153136 0.029975010850877296 0
1667845153240 0.029975010850877185 1
1667845153312 0.029975010850877233 2
1667845153385 0.029975010850877 3
1667845153456 0.02997501085087713 4
1667845153542 0.03481138536592586 5
1667845153617 0.041291699036163615 6
1667845153690 0.04126012447381486 7
1667845153769 0.041311435784405603 8
1667845153850 0.02928262480243069 9
1667845153935 0.025181792627936316 10
1667845154024 0.023538875146676748 11
1667845154115 0.02182374382012405 12
1667845154218 0.01866652827817798 13
1667845154311 0.018480285576648582 14
1667845154406 0.0184928486692124 15
1667845154498 0.01848829756852879 16
1667845154588 0.01846098532281699 17
1667845154679 0.018459449401183797 18
1667845154770 0.018469065243710038 19
1667845154861 0.01849110526299004 20
1667845154953 0.018488739953939154 21
1667845155045 0.018487304282199506 22
1667845155136 0.01797953619733321 23
1667845155243 0.016538847026300624 24
