1667909387936 -0.9203448275862068 0
1667909388033 -0.9203448275862068 1
1667909388125 -0.9203448275862068 2
1667909388220 -0.9203448275862068 3
1667909388314 -0.9203448275862068 4
1667909388404 -0.8420675150739474 5
1667909388550 -0.8190133205033509 6
1667909388643 -0.8036439105130028 7
1667909388740 -0.7796327966876372 8
1667909388837 -0.7892984426527007 9
1667909388932 -0.7633340133901415 10
1667909389028 -0.5268389114832699 11
1667909389122 -0.5198020329995032 12
1667909389283 -0.4878128825167103 13
1667909389380 -0.4217069236480688 14
1667909389464 -0.5428255999831386 15
1667909389551 -0.45326393202476456 16
1667909389631 -0.44687733411643943 17
1667909389713 -0.5024627943988619 18
1667909389793 -0.46042698503533985 19
1667909389874 -0.3909608109171361 20
1667909389959 -0.42066746608288913 21
1667909390039 -0.4181297965744196 22
1667909390122 -0.420381873998505 23
1667909390203 -0.37186431783804125 24
1667909390283 -0.3766341335723123 25
1667909390363 -0.3588761389114406 26
1667909390444 -0.357010285125222 27
1667909390524 -0.3605119818444767 28
1667909390612 -0.36529693238168415 29
1667909390695 -0.3575566740675743 30
1667909390783 -0.3593463496710486 31
1667909390871 -0.363881895833018 32
1667909390963 -0.35868337461709554 33
1667909391049 -0.3583488822666506 34
1667909391137 -0.363256653978464 35
1667909391221 -0.35826217523609 36
1667909391316 -0.35836592527899264 37
1667909391501 -0.3636163195569008 38
1667909391715 -0.3683996990711354 39
