1667909387936 36 0
1667909388033 36 1
1667909388125 36 2
1667909388220 36 3
1667909388314 36 4
1667909388404 35 5
1667909388550 34 6
1667909388643 33 7
1667909388740 31 8
1667909388837 32 9
1667909388932 30 10
1667909389028 28 11
1667909389122 27 12
1667909389283 25 13
1667909389380 21 14
1667909389464 29 15
1667909389551 23 16
1667909389631 22 17
1667909389713 26 18
1667909389793 24 19
1667909389874 17 20
1667909389959 20 21
1667909390039 18 22
1667909390122 19 23
1667909390203 15 24
1667909390283 16 25
1667909390363 7 26
1667909390444 1 27
1667909390524 9 28
1667909390612 13 29
1667909390695 2 30
1667909390783 8 31
1667909390871 12 32
1667909390963 6 33
1667909391049 4 34
1667909391137 10 35
1667909391221 3 36
1667909391316 5 37
1667909391501 11 38
1667909391715 14 39
