1667909387936 0.030217730119415847 0
1667909388033 0.030217730119415847 1
1667909388125 0.030217730119415847 2
1667909388220 0.030217730119415847 3
1667909388314 0.030217730119415847 4
1667909388404 0.0273425820641274 5
1667909388550 0.02798745313605589 6
1667909388643 0.02704056791779692 7
1667909388740 0.024024780672987783 8
1667909388837 0.024550049169714393 9
1667909388932 0.01859488367742291 10
1667909389028 0.1752540011494156 11
1667909389122 0.12954927383920145 12
1667909389283 0.1601244945191477 13
1667909389380 0.07502569916075047 14
1667909389464 0.17025053727866313 15
1667909389551 0.08850604376280442 16
1667909389631 0.07211416853074544 17
1667909389713 0.016740441956697456 18
1667909389793 0.025478238423215765 19
1667909389874 0.020167339919154346 20
1667909389959 0.016892249492034953 21
1667909390039 0.017798830979687957 22
1667909390122 0.014962410435559449 23
1667909390203 0.013912505990821111 24
1667909390283 0.013960265372949868 25
1667909390363 0.015260036706913923 26
1667909390444 0.013972939777860764 27
1667909390524 0.01480473713836408 28
1667909390612 0.01488485388253103 29
1667909390695 0.014226966170153229 30
1667909390783 0.01443762701255146 31
1667909390871 0.014556720923437568 32
1667909390963 0.014322854231729094 33
1667909391049 0.014337787462483279 34
1667909391137 0.011234276457155835 35
1667909391221 0.014282786671490483 36
1667909391316 0.014173006069272551 37
1667909391501 0.016858048965269982 38
1667909391715 0.01433169644051379 39
