1667843499864 -0.378113808569203 0
1667843499944 -0.3785607755389565 1
1667843500023 -0.37889618375342576 2
1667843500106 -0.3792842715067806 3
1667843500190 -0.37929263188125034 4
1667843500286 -0.38103969717372616 5
1667843500380 -0.3799343586868739 6
1667843500485 -0.3756672803165144 7
1667843500593 -0.38307459128718285 8
1667843500695 -0.3557820311942858 9
1667843500795 -0.37419232893767956 10
1667843500896 -0.3739591130268912 11
1667843500999 -0.35533789283924133 12
1667843501121 -0.35764523670327003 13
1667843501223 -0.39350306447788863 14
1667843501359 -0.3863398185651759 15
1667843501453 -0.3586110320534362 16
1667843501548 -0.35443602107524197 17
1667843501642 -0.3597020886359118 18
1667843501736 -0.3706027293687235 19
1667843501812 -0.36052337578820504 20
1667843501887 -0.3521120940588675 21
1667843501979 -0.361415939698571 22
1667843502114 -0.3641867030170123 23
1667843502217 -0.3502627980358234 24
1667843502313 -0.33047810162754365 25
1667843502392 -0.3400589730005165 26
1667843502472 -0.3407071408154931 27
1667843502563 -0.34116978108593543 28
1667843502643 -0.4163701851036708 29
1667843502717 -0.3212644408138169 30
1667843502791 -0.4647127308480825 31
1667843502867 -0.48556422069734884 32
1667843502940 -0.30320399978804646 33
1667843503015 -0.30245867601373416 34
1667843503105 -0.3010796141458921 35
1667843503214 -0.30084591375114994 36
1667843503340 -0.3008861089037785 37
1667843503435 -0.605036665029128 38
1667843503529 -0.4115749694787819 39
1667843503620 -0.7340030844761496 40
1667843503714 -0.7504602093596057 41
1667843503809 -0.7708845592458561 42
1667843503906 -0.8380295566502458 43
1667843504003 -0.8380295566502463 44
1667843504099 -0.8380295566502463 45
1667843504229 -0.8380295566502463 46
1667843504321 -0.8380295566502463 47
1667843504396 -0.8380295566502463 48
1667843504472 -0.8380295566502463 49
