1667843499864 26 0
1667843499944 27 1
1667843500023 28 2
1667843500106 29 3
1667843500190 30 4
1667843500286 32 5
1667843500380 31 6
1667843500485 25 7
1667843500593 33 8
1667843500695 15 9
1667843500795 24 10
1667843500896 23 11
1667843500999 14 12
1667843501121 16 13
1667843501223 35 14
1667843501359 34 15
1667843501453 17 16
1667843501548 13 17
1667843501642 18 18
1667843501736 22 19
1667843501812 19 20
1667843501887 12 21
1667843501979 20 22
1667843502114 21 23
1667843502217 11 24
1667843502313 7 25
1667843502392 8 26
1667843502472 9 27
1667843502563 10 28
1667843502643 37 29
1667843502717 6 30
1667843502791 38 31
1667843502867 39 32
1667843502940 5 33
1667843503015 4 34
1667843503105 3 35
1667843503214 1 36
1667843503340 2 37
1667843503435 40 38
1667843503529 36 39
1667843503620 41 40
1667843503714 42 41
1667843503809 43 42
1667843503906 44 43
1667843504003 45 44
1667843504099 45 45
1667843504229 45 46
1667843504321 45 47
1667843504396 45 48
1667843504472 45 49
