1667843499864 0.013662715345468368 0
1667843499944 0.013666530231531122 1
1667843500023 0.013720682148337193 2
1667843500106 0.013730005338500335 3
1667843500190 0.013732115190128904 4
1667843500286 0.013479663492549653 5
1667843500380 0.013642404802760555 6
1667843500485 0.013723856318828768 7
1667843500593 0.013949115015928295 8
1667843500695 0.014069919937073506 9
1667843500795 0.013883377329297845 10
1667843500896 0.013892573975546517 11
1667843500999 0.014080254988415617 12
1667843501121 0.01423341712618102 13
1667843501223 0.013970076022620515 14
1667843501359 0.014969286870768763 15
1667843501453 0.014361350965064504 16
1667843501548 0.014057024518779403 17
1667843501642 0.01470368169932413 18
1667843501736 0.01450209817070554 19
1667843501812 0.014899896405231993 20
1667843501887 0.013960660384561395 21
1667843501979 0.014984556688647708 22
1667843502114 0.014740976147991393 23
1667843502217 0.013852265567878734 24
1667843502313 0.012942224268569733 25
1667843502392 0.013202531583091303 26
1667843502472 0.013258622219940416 27
1667843502563 0.013278478439651747 28
1667843502643 0.017267932803340193 29
1667843502717 0.014348848236396743 30
1667843502791 0.024839781985483277 31
1667843502867 0.02445383520251117 32
1667843502940 0.015674886254224103 33
1667843503015 0.015662681892763985 34
1667843503105 0.01485181736836475 35
1667843503214 0.014853920969944784 36
1667843503340 0.014865267490090074 37
1667843503435 0.013377458202429656 38
1667843503529 0.01574471556601084 39
1667843503620 0.016862187798835877 40
1667843503714 0.01778797656049465 41
1667843503809 0.012316145160402348 42
1667843503906 0.020488969219822736 43
1667843504003 0.02048896921982272 44
1667843504099 0.02048896921982272 45
1667843504229 0.02048896921982272 46
1667843504321 0.02048896921982276 47
1667843504396 0.020488969219822795 48
1667843504472 0.020488969219822795 49
