1667845721496 -1.3283010752688176 0
1667845721595 -1.3283010752688176 1
1667845721683 -1.3283010752688176 2
1667845721876 -1.3283010752688167 3
1667845721960 -1.3283010752688167 4
1667845722073 -1.061909503369887 5
1667845722164 -0.6516642838709678 6
1667845722265 -0.6510723052823647 7
1667845722371 -0.6513842344086022 8
1667845722481 -0.574307802906273 9
1667845722577 -0.2912724776578465 10
1667845722677 -0.1817530860433837 11
1667845722774 -0.18063031879697194 12
1667845722874 -0.18064603872008037 13
1667845722976 -0.18062909879755207 14
1667845723077 -0.18061903611340485 15
1667845723176 -0.18062629629908838 16
1667845723284 -0.18481607232043143 17
1667845723382 -0.18063393757321847 18
1667845723484 -0.18136598446468274 19
1667845723581 -0.18113300674411648 20
1667845723679 -0.1818778054453218 21
1667845723777 -0.19277123558660905 22
1667845723876 -0.18222033511028524 23
1667845723970 -0.18200280359825843 24
