1667919997916 -0.9203448275862068 0
1667919998003 -0.9203448275862068 1
1667919998089 -0.9203448275862068 2
1667919998174 -0.9203448275862068 3
1667919998258 -0.9203448275862068 4
1667919998344 -0.9203448275862068 5
1667919998442 -0.8780834692118226 6
1667919998566 -0.7633340133901415 7
1667919998661 -0.542291415446482 8
1667919998760 -0.7391832354279754 9
1667919998882 -0.7267811426284944 10
1667919999022 -0.5530272716423698 11
1667919999154 -0.5316242263305903 12
1667919999244 -0.46303778054389777 13
1667919999340 -0.5720694003492588 14
1667919999430 -0.48633303579418374 15
1667919999525 -0.5339195698155293 16
1667919999639 -0.502463830312091 17
1667919999729 -0.3760027965496007 18
1667919999822 -0.4746518514837691 19
1667919999912 -0.42722040143720064 20
1667920000001 -0.41653352635752994 21
1667920000091 -0.40357671408730234 22
1667920000180 -0.36502823797284784 23
1667920000263 -0.3946521373899245 24
1667920000342 -0.3976384727561151 25
1667920000413 -0.37890773366336344 26
1667920000519 -0.3837710179462365 27
1667920000651 -0.35792052484539744 28
1667920000726 -0.36426320306852455 29
1667920000812 -0.3628901616823312 30
1667920000932 -0.36556789783488286 31
1667920001019 -0.36071348604061404 32
1667920001106 -0.35981171659966144 33
1667920001192 -0.3573745873085546 34
1667920001276 -0.3689540860656337 35
1667920001356 -0.37689010654306176 36
1667920001438 -0.37809020547280564 37
1667920001523 -0.3761585901848598 38
1667920001620 -0.3739261425087259 39
