1667919997916 35 0
1667919998003 35 1
1667919998089 35 2
1667919998174 35 3
1667919998258 35 4
1667919998344 35 5
1667919998442 34 6
1667919998566 33 7
1667919998661 28 8
1667919998760 32 9
1667919998882 31 10
1667919999022 29 11
1667919999154 26 12
1667919999244 22 13
1667919999340 30 14
1667919999430 24 15
1667919999525 27 16
1667919999639 25 17
1667919999729 11 18
1667919999822 23 19
1667919999912 21 20
1667920000001 20 21
1667920000091 19 22
1667920000180 7 23
1667920000263 17 24
1667920000342 18 25
1667920000413 15 26
1667920000519 16 27
1667920000651 2 28
1667920000726 6 29
1667920000812 5 30
1667920000932 8 31
1667920001019 4 32
1667920001106 3 33
1667920001192 1 34
1667920001276 9 35
1667920001356 13 36
1667920001438 14 37
1667920001523 12 38
1667920001620 10 39
