1667919997916 0.030217730119415847 0
1667919998003 0.030217730119415847 1
1667919998089 0.030217730119415847 2
1667919998174 0.030217730119415847 3
1667919998258 0.030217730119415847 4
1667919998344 0.030217730119415847 5
1667919998442 0.02865209517215449 6
1667919998566 0.018594883677422926 7
1667919998661 0.13961483496782837 8
1667919998760 0.015754767043542377 9
1667919998882 0.015116528985590457 10
1667919999022 0.17936904954734031 11
1667919999154 0.12585543616204975 12
1667919999244 0.08074280519342593 13
1667919999340 0.21269970101081528 14
1667919999430 0.05091562161865232 15
1667919999525 0.16184388460464624 16
1667919999639 0.016736097284654358 17
1667919999729 0.031743370827437466 18
1667919999822 0.01271516244078768 19
1667919999912 0.017443562983524653 20
1667920000001 0.015026446639018124 21
1667920000091 0.014759626814711676 22
1667920000180 0.013483447512283937 23
1667920000263 0.014854628394134749 24
1667920000342 0.014949512299140679 25
1667920000413 0.013875328730403034 26
1667920000519 0.013901649621924207 27
1667920000651 0.013811411609786595 28
1667920000726 0.014790055127474533 29
1667920000812 0.014714053021701042 30
1667920000932 0.014554461124661707 31
1667920001019 0.014819792410249475 32
1667920001106 0.01454335774493593 33
1667920001192 0.01430380980806161 34
1667920001276 0.014082807419204067 35
1667920001356 0.013830902077766516 36
1667920001438 0.013895954361200065 37
1667920001523 0.01382478270558155 38
1667920001620 0.013786604240500834 39
