1667845412696 -1.3283010752688176 0
1667845412801 -1.3283010752688176 1
1667845412892 -1.3283010752688176 2
1667845412983 -1.3283010752688167 3
1667845413107 -1.3283010752688167 4
1667845413199 -1.061909503369887 5
1667845413323 -0.6516642838709678 6
1667845413412 -0.6510723052823647 7
1667845413517 -0.6513842344086022 8
1667845413622 -0.574307802906273 9
1667845413720 -0.2912724776578465 10
1667845413819 -0.1817530860433837 11
1667845413927 -0.18063031879697194 12
1667845414023 -0.18064603872008037 13
1667845414129 -0.18062909879755207 14
1667845414229 -0.18061903611340485 15
1667845414321 -0.18062629629908838 16
1667845414416 -0.18481607232043143 17
1667845414512 -0.18063393757321847 18
1667845414597 -0.18136598446468274 19
1667845414680 -0.18113300674411648 20
1667845414763 -0.1818778054453218 21
1667845414846 -0.19277123558660905 22
1667845414933 -0.18222033511028524 23
1667845415050 -0.18200280359825843 24
