1667845412696 0.014637153795913734 0
1667845412801 0.01463715379591375 1
1667845412892 0.014637153795913732 2
1667845412983 0.014637153795913623 3
1667845413107 0.0146371537959136 4
1667845413199 0.017377210047108717 5
1667845413323 0.03134342677714737 6
1667845413412 0.031374313824725615 7
1667845413517 0.0313591042544855 8
1667845413622 0.019274672025886688 9
1667845413720 0.013472104645461285 10
1667845413819 0.011130288874892888 11
1667845413927 0.011061335182706265 12
1667845414023 0.011068453205495201 13
1667845414129 0.01106541082144951 14
1667845414229 0.011069204053083358 15
1667845414321 0.011065480661851979 16
1667845414416 0.010861502895550454 17
1667845414512 0.011073720616118398 18
1667845414597 0.01104144316645497 19
1667845414680 0.011054002387486092 20
1667845414763 0.011040724781075447 21
1667845414846 0.010840869773958409 22
1667845414933 0.011154103603807338 23
1667845415050 0.0110579487802167 24
