1667907822275 -1.563225806451613 0
1667907822355 -1.563225806451613 1
1667907822440 -1.563225806451613 2
1667907822517 -1.563225806451613 3
1667907822592 -1.5475869908485083 4
1667907822668 -1.4779565569892474 5
1667907822739 -1.3349655350815817 6
1667907822811 -1.0505738838198946 7
1667907822883 -0.6748393030508203 8
1667907822959 -0.6102944979774458 9
1667907823102 -0.3830279511625936 10
1667907823312 -0.4437103559126066 11
1667907823405 -0.4308711818845059 12
1667907823495 -0.37804986142026764 13
1667907823587 -0.33936132454883483 14
1667907823676 -0.35065757277569776 15
1667907823764 -0.33756112488097195 16
1667907823838 -0.30527298881837944 17
1667907823908 -0.29216969684565275 18
1667907823977 -0.27807555195243255 19
