1667907822275 0.03638103676119154 0
1667907822355 0.03638103676119154 1
1667907822440 0.03638103676119154 2
1667907822517 0.03638103676119154 3
1667907822592 0.035102900418866774 4
1667907822668 0.036363539818342144 5
1667907822739 0.03106479774466745 6
1667907822811 0.020873405202129023 7
1667907822883 0.019939508061140376 8
1667907822959 0.031027241351395486 9
1667907823102 0.11733536687684593 10
1667907823312 0.018192088970891942 11
1667907823405 0.3034421310776348 12
1667907823495 0.28745961218231714 13
1667907823587 0.2130800430913649 14
1667907823676 0.193671985533439 15
1667907823764 0.14633330183437177 16
1667907823838 0.21579925734175778 17
1667907823908 0.07967990898157691 18
1667907823977 0.10651213611869818 19
