1667844005502 -0.7431683384971141 0
1667844005586 -0.742863713851331 1
1667844005678 -0.7394148592871839 2
1667844005765 -0.8359985754985756 3
1667844005840 -0.8359985754985756 4
1667844005919 -0.8359985754985756 5
1667844005990 -0.8359985754985756 6
1667844006064 -0.8359985754985756 7
1667844006145 -0.8359985754985756 8
1667844006239 -0.835998575498575 9
1667844006392 -0.835998575498575 10
1667844006482 -0.4004669537165326 11
1667844006545 -0.48422726398700566 12
1667844006606 -0.292215151113633 13
1667844006676 -0.2920808921278787 14
1667844006742 -0.292088671726987 15
1667844006808 -0.29207690364083383 16
1667844006874 -0.2943533957515182 17
1667844006942 -0.29289599236929026 18
1667844007027 -0.299225430004026 19
1667844007097 -0.32053107079409027 20
1667844007163 -0.3157945092671997 21
1667844007250 -0.4456190021345809 22
1667844007335 -0.33439381046188976 23
1667844007396 -0.4152519663472642 24
1667844007475 -0.34588478275647094 25
1667844007555 -0.34777300147311596 26
1667844007599 -0.34901886224622636 27
1667844007665 -0.3541811505483902 28
1667844007742 -0.3536610578203623 29
1667844007858 -0.3556367694880761 30
1667844008156 -0.3590624720681434 31
1667844008222 -0.3600807788629914 32
1667844008294 -0.35942058609742256 33
1667844008354 -0.3596410600621236 34
1667844008417 -0.38922882973778655 35
1667844008490 -0.3879728750354451 36
1667844008581 -0.382178192900661 37
1667844008672 -0.3777314475326761 38
1667844008774 -0.3785211819657819 39
1667844008848 -0.37861071858251316 40
1667844008914 -0.3729727340633556 41
1667844008991 -0.3733914389969567 42
1667844009057 -0.3735128066580794 43
1667844009123 -0.373559573534757 44
1667844009193 -0.3738197946538461 45
1667844009285 -0.37387834093983013 46
1667844009349 -0.3678726689238508 47
1667844009420 -0.37455285682070766 48
1667844009497 -0.3815137619338679 49
