1667844005502 42 0
1667844005586 41 1
1667844005678 40 2
1667844005765 45 3
1667844005840 45 4
1667844005919 45 5
1667844005990 45 6
1667844006064 45 7
1667844006145 45 8
1667844006239 43 9
1667844006392 43 10
1667844006482 36 11
1667844006545 39 12
1667844006606 4 13
1667844006676 2 14
1667844006742 3 15
1667844006808 1 16
1667844006874 6 17
1667844006942 5 18
1667844007027 7 19
1667844007097 9 20
1667844007163 8 21
1667844007250 38 22
1667844007335 10 23
1667844007396 37 24
1667844007475 11 25
1667844007555 12 26
1667844007599 13 27
1667844007665 15 28
1667844007742 14 29
1667844007858 16 30
1667844008156 17 31
1667844008222 20 32
1667844008294 18 33
1667844008354 19 34
1667844008417 35 35
1667844008490 34 36
1667844008581 33 37
1667844008672 29 38
1667844008774 30 39
1667844008848 31 40
1667844008914 22 41
1667844008991 23 42
1667844009057 24 43
1667844009123 25 44
1667844009193 26 45
1667844009285 27 46
1667844009349 21 47
1667844009420 28 48
1667844009497 32 49
