1667844005502 0.03486129710329325 0
1667844005586 0.0348137143243244 1
1667844005678 0.03427792783329119 2
1667844005765 0.029590306780896015 3
1667844005840 0.02959030678089594 4
1667844005919 0.02959030678089594 5
1667844005990 0.029590306780895918 6
1667844006064 0.029590306780895918 7
1667844006145 0.029590306780895918 8
1667844006239 0.029590306780895893 9
1667844006392 0.029590306780895893 10
1667844006482 0.026242096089841547 11
1667844006545 0.03685390475554364 12
1667844006606 0.023089263216468238 13
1667844006676 0.02311671074933854 14
1667844006742 0.023121123891810817 15
1667844006808 0.023110952164026505 16
1667844006874 0.023364431400428497 17
1667844006942 0.023259897208971696 18
1667844007027 0.024464269468881254 19
1667844007097 0.021504047754571265 20
1667844007163 0.022411176231308807 21
1667844007250 0.027692282861455097 22
1667844007335 0.021350465051064086 23
1667844007396 0.02376185710684497 24
1667844007475 0.023204821816865177 25
1667844007555 0.023366308121444163 26
1667844007599 0.02347716079699194 27
1667844007665 0.023820137162489072 28
1667844007742 0.023661140364659727 29
1667844007858 0.02342247964111659 30
1667844008156 0.022868822483229394 31
1667844008222 0.022665989879121825 32
1667844008294 0.022534122431830252 33
1667844008354 0.022419414831014027 34
1667844008417 0.022241905449808978 35
1667844008490 0.021132806711280636 36
1667844008581 0.019525028512769396 37
1667844008672 0.019967024591051038 38
1667844008774 0.019703298577261195 39
1667844008848 0.019693730742932753 40
1667844008914 0.02144391227576896 41
1667844008991 0.021242730462357196 42
1667844009057 0.020819814343288466 43
1667844009123 0.021242456876946158 44
1667844009193 0.021161166691111268 45
1667844009285 0.021147389603315556 46
1667844009349 0.02259860844321739 47
1667844009420 0.020633561582614604 48
1667844009497 0.0176142486307602 49
