1667847033525 -0.8380295566502463 0
1667847033606 -0.8380295566502463 1
1667847033691 -0.8380295566502463 2
1667847033798 -0.8380295566502463 3
1667847033885 -0.8380295566502463 4
1667847033973 -0.8380295566502463 5
1667847034067 -0.7708845592458561 6
1667847034155 -0.7340030844761496 7
1667847034245 -0.4115749694787819 8
1667847034352 -0.605036665029128 9
1667847034534 -0.3010796141458921 10
1667847034615 -0.30245867601373416 11
1667847034703 -0.30320399978804646 12
1667847034792 -0.48556422069734884 13
1667847034884 -0.4647127308480825 14
1667847034973 -0.4163701851036708 15
1667847035064 -0.34116978108593543 16
1667847035153 -0.3641867030170123 17
1667847035243 -0.36052337578820504 18
1667847035337 -0.3597020886359118 19
1667847035417 -0.3586110320534362 20
1667847035501 -0.39350306447788863 21
1667847035583 -0.37419232893767956 22
1667847035657 -0.3557820311942858 23
1667847035733 -0.378113808569203 24
