1667847033525 0.020488969219822795 0
1667847033606 0.020488969219822795 1
1667847033691 0.02048896921982276 2
1667847033798 0.02048896921982272 3
1667847033885 0.02048896921982272 4
1667847033973 0.02048896921982272 5
1667847034067 0.012316145160402348 6
1667847034155 0.016862187798835877 7
1667847034245 0.01574471556601084 8
1667847034352 0.013377458202429656 9
1667847034534 0.01485181736836475 10
1667847034615 0.015662681892763985 11
1667847034703 0.015674886254224103 12
1667847034792 0.02445383520251117 13
1667847034884 0.024839781985483277 14
1667847034973 0.017267932803340193 15
1667847035064 0.013278478439651747 16
1667847035153 0.014740976147991393 17
1667847035243 0.014899896405231993 18
1667847035337 0.01470368169932413 19
1667847035417 0.014361350965064504 20
1667847035501 0.013970076022620515 21
1667847035583 0.013883377329297845 22
1667847035657 0.014069919937073506 23
1667847035733 0.013662715345468368 24
