1667843711467 -0.3815137619338679 0
1667843711549 -0.37455285682070766 1
1667843711629 -0.3678726689238508 2
1667843711721 -0.37387834093983013 3
1667843711812 -0.3738197946538461 4
1667843711919 -0.373559573534757 5
1667843712033 -0.3735128066580794 6
1667843712108 -0.3733914389969567 7
1667843712182 -0.3729727340633556 8
1667843712273 -0.37861071858251316 9
1667843712348 -0.3785211819657819 10
1667843712422 -0.3777314475326761 11
1667843712506 -0.382178192900661 12
1667843712596 -0.3879728750354451 13
1667843712687 -0.38922882973778655 14
1667843712778 -0.3596410600621236 15
1667843712867 -0.35942058609742256 16
1667843712964 -0.3600807788629914 17
1667843713053 -0.3590624720681434 18
1667843713147 -0.3556367694880761 19
1667843713238 -0.3536610578203623 20
1667843713326 -0.3541811505483902 21
1667843713411 -0.34901886224622636 22
1667843713503 -0.34777300147311596 23
1667843713592 -0.34588478275647094 24
1667843713713 -0.4152519663472642 25
1667843713803 -0.33439381046188976 26
1667843713901 -0.4456190021345809 27
1667843714051 -0.3157945092671997 28
1667843714142 -0.32053107079409027 29
1667843714228 -0.299225430004026 30
1667843714305 -0.29289599236929026 31
1667843714387 -0.2943533957515182 32
1667843714472 -0.29207690364083383 33
1667843714564 -0.292088671726987 34
1667843714654 -0.2920808921278787 35
1667843714738 -0.292215151113633 36
1667843714823 -0.48422726398700566 37
1667843714912 -0.4004669537165326 38
1667843715008 -0.835998575498575 39
1667843715098 -0.835998575498575 40
1667843715185 -0.8359985754985756 41
1667843715272 -0.8359985754985756 42
1667843715358 -0.8359985754985756 43
1667843715443 -0.8359985754985756 44
1667843715526 -0.8359985754985756 45
1667843715614 -0.8359985754985756 46
1667843715701 -0.7394148592871839 47
1667843715804 -0.742863713851331 48
1667843715891 -0.7431683384971141 49
