1667843711467 32 0
1667843711549 28 1
1667843711629 21 2
1667843711721 27 3
1667843711812 26 4
1667843711919 25 5
1667843712033 24 6
1667843712108 23 7
1667843712182 22 8
1667843712273 31 9
1667843712348 30 10
1667843712422 29 11
1667843712506 33 12
1667843712596 34 13
1667843712687 35 14
1667843712778 19 15
1667843712867 18 16
1667843712964 20 17
1667843713053 17 18
1667843713147 16 19
1667843713238 14 20
1667843713326 15 21
1667843713411 13 22
1667843713503 12 23
1667843713592 11 24
1667843713713 37 25
1667843713803 10 26
1667843713901 38 27
1667843714051 8 28
1667843714142 9 29
1667843714228 7 30
1667843714305 5 31
1667843714387 6 32
1667843714472 1 33
1667843714564 3 34
1667843714654 2 35
1667843714738 4 36
1667843714823 39 37
1667843714912 36 38
1667843715008 43 39
1667843715098 43 40
1667843715185 45 41
1667843715272 45 42
1667843715358 45 43
1667843715443 45 44
1667843715526 45 45
1667843715614 45 46
1667843715701 40 47
1667843715804 41 48
1667843715891 42 49
