1667843711467 0.0176142486307602 0
1667843711549 0.020633561582614604 1
1667843711629 0.02259860844321739 2
1667843711721 0.021147389603315556 3
1667843711812 0.021161166691111268 4
1667843711919 0.021242456876946158 5
1667843712033 0.020819814343288466 6
1667843712108 0.021242730462357196 7
1667843712182 0.02144391227576896 8
1667843712273 0.019693730742932753 9
1667843712348 0.019703298577261195 10
1667843712422 0.019967024591051038 11
1667843712506 0.019525028512769396 12
1667843712596 0.021132806711280636 13
1667843712687 0.022241905449808978 14
1667843712778 0.022419414831014027 15
1667843712867 0.022534122431830252 16
1667843712964 0.022665989879121825 17
1667843713053 0.022868822483229394 18
1667843713147 0.02342247964111659 19
1667843713238 0.023661140364659727 20
1667843713326 0.023820137162489072 21
1667843713411 0.02347716079699194 22
1667843713503 0.023366308121444163 23
1667843713592 0.023204821816865177 24
1667843713713 0.02376185710684497 25
1667843713803 0.021350465051064086 26
1667843713901 0.027692282861455097 27
1667843714051 0.022411176231308807 28
1667843714142 0.021504047754571265 29
1667843714228 0.024464269468881254 30
1667843714305 0.023259897208971696 31
1667843714387 0.023364431400428497 32
1667843714472 0.023110952164026505 33
1667843714564 0.023121123891810817 34
1667843714654 0.02311671074933854 35
1667843714738 0.023089263216468238 36
1667843714823 0.03685390475554364 37
1667843714912 0.026242096089841547 38
1667843715008 0.029590306780895893 39
1667843715098 0.029590306780895893 40
1667843715185 0.029590306780895918 41
1667843715272 0.029590306780895918 42
1667843715358 0.029590306780895918 43
1667843715443 0.02959030678089594 44
1667843715526 0.02959030678089594 45
1667843715614 0.029590306780896015 46
1667843715701 0.03427792783329119 47
1667843715804 0.0348137143243244 48
1667843715891 0.03486129710329325 49
