1667843203835 -0.378113808569203 0
1667843203914 -0.3557820311942858 1
1667843203993 -0.37419232893767956 2
1667843204073 -0.39350306447788863 3
1667843204163 -0.3586110320534362 4
1667843204250 -0.3641867030170123 5
1667843204349 -0.4647127308480825 6
1667843204440 -0.48556422069734884 7
1667843204532 -0.30320399978804646 8
1667843204636 -0.30245867601373416 9
1667843204730 -0.3010796141458921 10
1667843204821 -0.4115749694787819 11
1667843204911 -0.7340030844761496 12
1667843205002 -0.7708845592458561 13
1667843205096 -0.8380295566502463 14
1667843205190 -0.8380295566502463 15
1667843205282 -0.8380295566502463 16
1667843205367 -0.8380295566502463 17
1667843205444 -0.8380295566502463 18
1667843205522 -0.8380295566502463 19
