1667843203835 0.013662715345468368 0
1667843203914 0.014069919937073506 1
1667843203993 0.013883377329297845 2
1667843204073 0.013970076022620515 3
1667843204163 0.014361350965064504 4
1667843204250 0.014740976147991393 5
1667843204349 0.024839781985483277 6
1667843204440 0.02445383520251117 7
1667843204532 0.015674886254224103 8
1667843204636 0.015662681892763985 9
1667843204730 0.01485181736836475 10
1667843204821 0.01574471556601084 11
1667843204911 0.016862187798835877 12
1667843205002 0.012316145160402348 13
1667843205096 0.02048896921982272 14
1667843205190 0.02048896921982272 15
1667843205282 0.02048896921982272 16
1667843205367 0.02048896921982276 17
1667843205444 0.020488969219822795 18
1667843205522 0.020488969219822795 19
